npl =1968
   0.00910
   0.00940
   0.00960
   0.00980
   0.01000
   0.01020
   0.01040
   0.01060
   0.01080
   0.01100
   0.01140
   0.01180
   0.01210
   0.01250
   0.01270
   0.01280
   0.01310
   0.01320
   0.01340
   0.01370
   0.01400
   0.01430
   0.01470
   0.01510
   0.01550
   0.01590
   0.01620
   0.01660
   0.01700
   0.01730
   0.01770
   0.01800
   0.01820
   0.01860
   0.01910
   0.01940
   0.01980
   0.02020
   0.02050
   0.02100
   0.02160
   0.02200
   0.02230
   0.02270
   0.02300
   0.02340
   0.02400
   0.02460
   0.02520
   0.02570
   0.02600
   0.02640
   0.02690
   0.02740
   0.02790
   0.02840
   0.02900
   0.02960
   0.03010
   0.03080
   0.03180
   0.03280
   0.03380
   0.03480
   0.03570
   0.03660
   0.03750
   0.03850
   0.03950
   0.04050
   0.04140
   0.04220
   0.04300
   0.04410
   0.04510
   0.04600
   0.04700
   0.04800
   0.04900
   0.05000
   0.05060
   0.05120
   0.05200
   0.05300
   0.05400
   0.05500
   0.05600
   0.05700
   0.05800
   0.05900
   0.06000
   0.06100
   0.06200
   0.06300
   0.06400
   0.06500
   0.06580
   0.06650
   0.06750
   0.06850
   0.06950
   0.07050
   0.07160
   0.07260
   0.07350
   0.07450
   0.07550
   0.07650
   0.07750
   0.07850
   0.07950
   0.08050
   0.08150
   0.08250
   0.08350
   0.08450
   0.08550
   0.08650
   0.08750
   0.08850
   0.08950
   0.09050
   0.09150
   0.09250
   0.09350
   0.09450
   0.09550
   0.09650
   0.09750
   0.09850
   0.09950
   0.10050
   0.10150
   0.10250
   0.10350
   0.10450
   0.10550
   0.10650
   0.10750
   0.10850
   0.10950
   0.11050
   0.11150
   0.11250
   0.11350
   0.11450
   0.11550
   0.11650
   0.11750
   0.11850
   0.11950
   0.12050
   0.12150
   0.12250
   0.12350
   0.12450
   0.12550
   0.12650
   0.12750
   0.12850
   0.12950
   0.13050
   0.13150
   0.13250
   0.13350
   0.13450
   0.13550
   0.13650
   0.13750
   0.13850
   0.13950
   0.14050
   0.14150
   0.14250
   0.14350
   0.14420
   0.14470
   0.14550
   0.14650
   0.14750
   0.14850
   0.14950
   0.15050
   0.15120
   0.15170
   0.15250
   0.15350
   0.15450
   0.15550
   0.15650
   0.15750
   0.15850
   0.15950
   0.16050
   0.16150
   0.16250
   0.16350
   0.16450
   0.16550
   0.16650
   0.16720
   0.16770
   0.16850
   0.16950
   0.17050
   0.17150
   0.17250
   0.17350
   0.17450
   0.17550
   0.17650
   0.17750
   0.17850
   0.17950
   0.18050
   0.18150
   0.18250
   0.18350
   0.18450
   0.18550
   0.18650
   0.18750
   0.18850
   0.18950
   0.19050
   0.19150
   0.19250
   0.19350
   0.19450
   0.19550
   0.19670
   0.19760
   0.19840
   0.19950
   0.20050
   0.20150
   0.20250
   0.20350
   0.20450
   0.20550
   0.20650
   0.20740
   0.20780
   0.20850
   0.20950
   0.21050
   0.21150
   0.21250
   0.21350
   0.21450
   0.21550
   0.21650
   0.21750
   0.21850
   0.21950
   0.22050
   0.22150
   0.22250
   0.22350
   0.22450
   0.22550
   0.22650
   0.22750
   0.22850
   0.22950
   0.23050
   0.23150
   0.23250
   0.23350
   0.23450
   0.23550
   0.23650
   0.23750
   0.23850
   0.23950
   0.24050
   0.24150
   0.24250
   0.24350
   0.24450
   0.24550
   0.24650
   0.24750
   0.24850
   0.24950
   0.25050
   0.25130
   0.25180
   0.25250
   0.25350
   0.25450
   0.25550
   0.25650
   0.25750
   0.25850
   0.25950
   0.26050
   0.26150
   0.26250
   0.26350
   0.26450
   0.26550
   0.26650
   0.26750
   0.26850
   0.26950
   0.27050
   0.27150
   0.27250
   0.27350
   0.27450
   0.27550
   0.27650
   0.27750
   0.27850
   0.27950
   0.28050
   0.28150
   0.28250
   0.28350
   0.28450
   0.28550
   0.28650
   0.28750
   0.28850
   0.28950
   0.29100
   0.29300
   0.29500
   0.29700
   0.29900
   0.30100
   0.30300
   0.30500
   0.30700
   0.30900
   0.31100
   0.31300
   0.31500
   0.31700
   0.31900
   0.32100
   0.32300
   0.32500
   0.32700
   0.32900
   0.33100
   0.33300
   0.33500
   0.33700
   0.33900
   0.34100
   0.34300
   0.34500
   0.34700
   0.34900
   0.35100
   0.35300
   0.35500
   0.35700
   0.35900
   0.36100
   0.36300
   0.36400
   0.36500
   0.36700
   0.36900
   0.37100
   0.37300
   0.37500
   0.37700
   0.37900
   0.38100
   0.38300
   0.38500
   0.38700
   0.38900
   0.39100
   0.39300
   0.39500
   0.39700
   0.39900
   0.40100
   0.40300
   0.40500
   0.40700
   0.40900
   0.41100
   0.41300
   0.41500
   0.41700
   0.41900
   0.42100
   0.42300
   0.42500
   0.42700
   0.42900
   0.43100
   0.43300
   0.43500
   0.43700
   0.43900
   0.44100
   0.44300
   0.44500
   0.44700
   0.44900
   0.45100
   0.45300
   0.45500
   0.45700
   0.45900
   0.46100
   0.46300
   0.46500
   0.46700
   0.46900
   0.47100
   0.47300
   0.47500
   0.47700
   0.47900
   0.48100
   0.48300
   0.48500
   0.48700
   0.48900
   0.49100
   0.49300
   0.49500
   0.49700
   0.49900
   0.50100
   0.50300
   0.50500
   0.50700
   0.50900
   0.51100
   0.51300
   0.51500
   0.51700
   0.51900
   0.52100
   0.52300
   0.52500
   0.52700
   0.52900
   0.53100
   0.53300
   0.53500
   0.53700
   0.53900
   0.54100
   0.54300
   0.54500
   0.54700
   0.54900
   0.55100
   0.55300
   0.55500
   0.55700
   0.55900
   0.56100
   0.56300
   0.56500
   0.56700
   0.56900
   0.57100
   0.57300
   0.57500
   0.57700
   0.57900
   0.58100
   0.58300
   0.58500
   0.58700
   0.58900
   0.59100
   0.59300
   0.59500
   0.59700
   0.59900
   0.60100
   0.60300
   0.60500
   0.60700
   0.60900
   0.61100
   0.61300
   0.61500
   0.61700
   0.61900
   0.62100
   0.62300
   0.62500
   0.62700
   0.62900
   0.63100
   0.63300
   0.63500
   0.63700
   0.63900
   0.64100
   0.64300
   0.64500
   0.64700
   0.64900
   0.65100
   0.65300
   0.65500
   0.65700
   0.65900
   0.66100
   0.66300
   0.66500
   0.66700
   0.66900
   0.67100
   0.67300
   0.67500
   0.67700
   0.67900
   0.68100
   0.68300
   0.68500
   0.68700
   0.68900
   0.69100
   0.69300
   0.69500
   0.69700
   0.69900
   0.70100
   0.70300
   0.70500
   0.70700
   0.70900
   0.71100
   0.71300
   0.71500
   0.71700
   0.71900
   0.72100
   0.72300
   0.72500
   0.72700
   0.72900
   0.73100
   0.73300
   0.73500
   0.73700
   0.73900
   0.74100
   0.74300
   0.74500
   0.74700
   0.74900
   0.75100
   0.75300
   0.75500
   0.75700
   0.75900
   0.76100
   0.76300
   0.76500
   0.76700
   0.76900
   0.77100
   0.77300
   0.77500
   0.77700
   0.77900
   0.78100
   0.78300
   0.78500
   0.78700
   0.78900
   0.79100
   0.79300
   0.79500
   0.79700
   0.79900
   0.80100
   0.80300
   0.80500
   0.80700
   0.80900
   0.81100
   0.81300
   0.81500
   0.81700
   0.81900
   0.82100
   0.82300
   0.82500
   0.82700
   0.82900
   0.83100
   0.83300
   0.83500
   0.83700
   0.83900
   0.84100
   0.84300
   0.84500
   0.84700
   0.84900
   0.85100
   0.85300
   0.85500
   0.85700
   0.85900
   0.86100
   0.86300
   0.86500
   0.86700
   0.86900
   0.87100
   0.87300
   0.87500
   0.87700
   0.87900
   0.88100
   0.88300
   0.88500
   0.88700
   0.88900
   0.89100
   0.89300
   0.89500
   0.89700
   0.89900
   0.90100
   0.90300
   0.90500
   0.90700
   0.90900
   0.91100
   0.91300
   0.91500
   0.91700
   0.91900
   0.92100
   0.92300
   0.92500
   0.92700
   0.92900
   0.93100
   0.93300
   0.93500
   0.93700
   0.93900
   0.94100
   0.94300
   0.94500
   0.94700
   0.94900
   0.95100
   0.95300
   0.95500
   0.95700
   0.95900
   0.96100
   0.96300
   0.96500
   0.96700
   0.96900
   0.97100
   0.97300
   0.97500
   0.97700
   0.97900
   0.98100
   0.98300
   0.98500
   0.98700
   0.98900
   0.99100
   0.99300
   0.99500
   0.99700
   0.99900
   1.00250
   1.00750
   1.01250
   1.01750
   1.02250
   1.02750
   1.03250
   1.03750
   1.04250
   1.04750
   1.05250
   1.05750
   1.06250
   1.06750
   1.07250
   1.07750
   1.08250
   1.08750
   1.09250
   1.09750
   1.10250
   1.10750
   1.11250
   1.11750
   1.12250
   1.12750
   1.13250
   1.13750
   1.14250
   1.14750
   1.15250
   1.15750
   1.16250
   1.16750
   1.17250
   1.17750
   1.18250
   1.18750
   1.19250
   1.19750
   1.20250
   1.20750
   1.21250
   1.21750
   1.22250
   1.22750
   1.23250
   1.23750
   1.24250
   1.24750
   1.25250
   1.25750
   1.26250
   1.26750
   1.27250
   1.27750
   1.28250
   1.28750
   1.29250
   1.29750
   1.30250
   1.30750
   1.31250
   1.31750
   1.32250
   1.32750
   1.33250
   1.33750
   1.34250
   1.34750
   1.35250
   1.35750
   1.36250
   1.36750
   1.37250
   1.37750
   1.38250
   1.38750
   1.39250
   1.39750
   1.40250
   1.40750
   1.41250
   1.41750
   1.42250
   1.42750
   1.43250
   1.43750
   1.44250
   1.44750
   1.45250
   1.45700
   1.46200
   1.46750
   1.47250
   1.47750
   1.48250
   1.48750
   1.49250
   1.49750
   1.50250
   1.50750
   1.51250
   1.51750
   1.52250
   1.52750
   1.53250
   1.53750
   1.54250
   1.54750
   1.55250
   1.55750
   1.56250
   1.56750
   1.57250
   1.57750
   1.58250
   1.58750
   1.59250
   1.59750
   1.60500
   1.61500
   1.62500
   1.63500
   1.64500
   1.65500
   1.66500
   1.67500
   1.68500
   1.69500
   1.70500
   1.71500
   1.72500
   1.73500
   1.74500
   1.75500
   1.76500
   1.77500
   1.78500
   1.79500
   1.80500
   1.81500
   1.82500
   1.83500
   1.84500
   1.85500
   1.86500
   1.87500
   1.88500
   1.89500
   1.90500
   1.91500
   1.92500
   1.93500
   1.94500
   1.95500
   1.96500
   1.97500
   1.98500
   1.99500
   2.00500
   2.01500
   2.02500
   2.03500
   2.04500
   2.05500
   2.06500
   2.07500
   2.08500
   2.09500
   2.10500
   2.11500
   2.12500
   2.13500
   2.14500
   2.15500
   2.16500
   2.17500
   2.18500
   2.19500
   2.20500
   2.21500
   2.22500
   2.23500
   2.24500
   2.25500
   2.26500
   2.27500
   2.28500
   2.29500
   2.30500
   2.31500
   2.32500
   2.33500
   2.34500
   2.35500
   2.36500
   2.37500
   2.38500
   2.39500
   2.40500
   2.41500
   2.42500
   2.43500
   2.44500
   2.45500
   2.46500
   2.47500
   2.48500
   2.49500
   2.50500
   2.51500
   2.52500
   2.53500
   2.54500
   2.55500
   2.56500
   2.57500
   2.58500
   2.59500
   2.60500
   2.61500
   2.62500
   2.63500
   2.64500
   2.65500
   2.66500
   2.67500
   2.68500
   2.69500
   2.70500
   2.71500
   2.72500
   2.73500
   2.74500
   2.75500
   2.76500
   2.77500
   2.78500
   2.79500
   2.80500
   2.81500
   2.82500
   2.83500
   2.84500
   2.85500
   2.86500
   2.87500
   2.88500
   2.89500
   2.90500
   2.91500
   2.92500
   2.93500
   2.94500
   2.95500
   2.96500
   2.97500
   2.98500
   2.99500
   3.00500
   3.01500
   3.02500
   3.03500
   3.04500
   3.05500
   3.06500
   3.07500
   3.08500
   3.09500
   3.10500
   3.11500
   3.12500
   3.13500
   3.14500
   3.15500
   3.16500
   3.17500
   3.18500
   3.19500
   3.21000
   3.23000
   3.25000
   3.27000
   3.29000
   3.31000
   3.33000
   3.35000
   3.37000
   3.39000
   3.41000
   3.43000
   3.45000
   3.47000
   3.49000
   3.51000
   3.53000
   3.55000
   3.57000
   3.59000
   3.61000
   3.63000
   3.65000
   3.67000
   3.69000
   3.71000
   3.73000
   3.75000
   3.77000
   3.79000
   3.81000
   3.83000
   3.85000
   3.87000
   3.89000
   3.91000
   3.93000
   3.95000
   3.97000
   3.99000
   4.01000
   4.03000
   4.05000
   4.07000
   4.09000
   4.11000
   4.13000
   4.15000
   4.17000
   4.19000
   4.21000
   4.23000
   4.25000
   4.27000
   4.29000
   4.31000
   4.33000
   4.35000
   4.37000
   4.39000
   4.41000
   4.43000
   4.45000
   4.47000
   4.49000
   4.51000
   4.53000
   4.55000
   4.57000
   4.59000
   4.61000
   4.63000
   4.65000
   4.67000
   4.69000
   4.71000
   4.73000
   4.75000
   4.77000
   4.79000
   4.81000
   4.83000
   4.85000
   4.87000
   4.89000
   4.91000
   4.93000
   4.95000
   4.97000
   4.99000
   5.01000
   5.03000
   5.05000
   5.07000
   5.09000
   5.11000
   5.13000
   5.15000
   5.17000
   5.19000
   5.21000
   5.23000
   5.25000
   5.27000
   5.29000
   5.31000
   5.33000
   5.35000
   5.37000
   5.39000
   5.41000
   5.43000
   5.45000
   5.47000
   5.49000
   5.51000
   5.53000
   5.55000
   5.57000
   5.59000
   5.61000
   5.63000
   5.65000
   5.67000
   5.69000
   5.71000
   5.73000
   5.75000
   5.77000
   5.79000
   5.81000
   5.83000
   5.85000
   5.87000
   5.89000
   5.91000
   5.93000
   5.95000
   5.97000
   5.99000
   6.01000
   6.03000
   6.05000
   6.07000
   6.09000
   6.11000
   6.13000
   6.15000
   6.17000
   6.19000
   6.21000
   6.23000
   6.25000
   6.27000
   6.29000
   6.31000
   6.33000
   6.35000
   6.37000
   6.39000
   6.42000
   6.46000
   6.50000
   6.54000
   6.58000
   6.62000
   6.66000
   6.70000
   6.74000
   6.78000
   6.82000
   6.86000
   6.90000
   6.94000
   6.98000
   7.02000
   7.06000
   7.10000
   7.14000
   7.18000
   7.22000
   7.26000
   7.30000
   7.34000
   7.38000
   7.42000
   7.46000
   7.50000
   7.54000
   7.58000
   7.62000
   7.66000
   7.70000
   7.74000
   7.78000
   7.82000
   7.86000
   7.90000
   7.94000
   7.98000
   8.02000
   8.06000
   8.10000
   8.14000
   8.18000
   8.22000
   8.26000
   8.30000
   8.34000
   8.38000
   8.42000
   8.46000
   8.50000
   8.54000
   8.58000
   8.62000
   8.66000
   8.70000
   8.74000
   8.78000
   8.82000
   8.86000
   8.90000
   8.94000
   8.98000
   9.02000
   9.06000
   9.10000
   9.14000
   9.18000
   9.22000
   9.26000
   9.30000
   9.34000
   9.38000
   9.42000
   9.46000
   9.50000
   9.54000
   9.58000
   9.62000
   9.66000
   9.70000
   9.74000
   9.78000
   9.82000
   9.86000
   9.90000
   9.94000
   9.98000
  10.00000
  10.09000
  10.19000
  10.28000
  10.38000
  10.47000
  10.57000
  10.67000
  10.76000
  10.86000
  10.96000
  11.07000
  11.17000
  11.27000
  11.38000
  11.48000
  11.59000
  11.69000
  11.80000
  11.91000
  12.02000
  12.13000
  12.25000
  12.36000
  12.47000
  12.59000
  12.71000
  12.82000
  12.94000
  13.06000
  13.18000
  13.30000
  13.43000
  13.55000
  13.68000
  13.80000
  13.93000
  14.06000
  14.19000
  14.32000
  14.45000
  14.59000
  14.72000
  14.86000
  15.00000
  15.14000
  15.28000
  15.42000
  15.56000
  15.70000
  15.85000
  16.00000
  16.14000
  16.29000
  16.44000
  16.60000
  16.75000
  16.90000
  17.06000
  17.22000
  17.38000
  17.54000
  17.70000
  17.86000
  18.03000
  18.20000
  18.37000
  18.54000
  18.71000
  18.88000
  19.05000
  19.23000
  19.41000
  19.59000
  19.77000
  19.95000
  20.14000
  20.32000
  20.51000
  20.70000
  20.89000
  21.09000
  21.28000
  21.48000
  21.68000
  21.88000
  22.08000
  22.28000
  22.49000
  22.70000
  22.91000
  23.12000
  23.33000
  23.55000
  23.77000
  23.99000
  24.21000
  24.43000
  24.66000
  24.89000
  25.12000
  25.35000
  25.59000
  25.82000
  26.06000
  26.30000
  26.55000
  26.79000
  27.04000
  27.29000
  27.54000
  27.80000
  28.05000
  28.31000
  28.58000
  28.84000
  29.11000
  29.38000
  29.65000
  29.92000
  30.20000
  30.48000
  30.76000
  31.05000
  31.33000
  31.62000
  31.92000
  32.21000
  32.51000
  32.81000
  33.11000
  33.42000
  33.73000
  34.04000
  34.36000
  34.67000
  34.99000
  35.32000
  35.65000
  35.97000
  36.31000
  36.64000
  36.98000
  37.33000
  37.67000
  38.02000
  38.37000
  38.73000
  39.08000
  39.45000
  39.81000
  40.18000
  40.55000
  40.93000
  41.30000
  41.69000
  42.07000
  42.46000
  42.85000
  43.25000
  43.65000
  44.06000
  44.46000
  44.87000
  45.29000
  45.71000
  46.13000
  46.56000
  46.99000
  47.42000
  47.86000
  48.31000
  48.75000
  49.20000
  49.66000
  50.12000
  50.58000
  51.05000
  51.52000
  52.00000
  52.48000
  52.97000
  53.46000
  53.95000
  54.45000
  54.95000
  55.46000
  55.98000
  56.49000
  57.02000
  57.54000
  58.08000
  58.61000
  59.16000
  59.70000
  60.26000
  60.81000
  61.38000
  61.94000
  62.52000
  63.10000
  63.68000
  64.27000
  64.86000
  65.46000
  66.07000
  66.68000
  67.30000
  67.92000
  68.55000
  69.18000
  69.82000
  70.47000
  71.12000
  71.78000
  72.44000
  73.11000
  73.79000
  74.47000
  75.16000
  75.86000
  76.56000
  77.27000
  77.98000
  78.70000
  79.43000
  80.17000
  80.91000
  81.66000
  82.41000
  83.18000
  83.95000
  84.72000
  85.51000
  86.30000
  87.10000
  87.90000
  88.72000
  89.54000
  90.36000
  91.20000
  92.04000
  92.90000
  93.76000
  94.62000
  95.50000
  96.38000
  97.27000
  98.17000
  99.08000
 100.00000
 100.90000
 101.90000
 102.80000
 103.80000
 104.70000
 105.70000
 106.70000
 107.60000
 108.60000
 109.60000
 110.70000
 111.70000
 112.70000
 113.80000
 114.80000
 115.90000
 116.90000
 118.00000
 119.10000
 120.20000
 121.30000
 122.50000
 123.60000
 124.70000
 125.90000
 127.10000
 128.20000
 129.40000
 130.60000
 131.80000
 133.00000
 134.30000
 135.50000
 136.80000
 138.00000
 139.30000
 140.60000
 141.90000
 143.20000
 144.50000
 145.90000
 147.20000
 148.60000
 150.00000
 151.40000
 152.80000
 154.20000
 155.60000
 157.00000
 158.50000
 160.00000
 161.40000
 162.90000
 164.40000
 166.00000
 167.50000
 169.00000
 170.60000
 172.20000
 173.80000
 175.40000
 177.00000
 178.60000
 180.30000
 182.00000
 183.70000
 185.40000
 187.10000
 188.80000
 190.50000
 192.30000
 194.10000
 195.90000
 197.70000
 199.50000
 201.40000
 203.20000
 205.10000
 207.00000
 208.90000
 210.90000
 212.80000
 214.80000
 216.80000
 218.80000
 220.80000
 222.80000
 224.90000
 227.00000
 229.10000
 231.20000
 233.30000
 235.50000
 237.70000
 239.90000
 242.10000
 244.30000
 246.60000
 248.90000
 251.20000
 253.50000
 255.90000
 258.20000
 260.60000
 263.00000
 265.50000
 267.90000
 270.40000
 272.90000
 275.40000
 278.00000
 280.50000
 283.10000
 285.80000
 288.40000
 291.10000
 293.80000
 296.50000
 299.20000
 302.00000
 304.80000
 307.60000
 310.50000
 313.30000
 316.20000
 319.20000
 322.10000
 325.10000
 328.10000
 331.10000
 334.20000
 337.30000
 340.40000
 343.60000
 346.70000
 349.90000
 353.20000
 356.50000
 359.70000
 363.10000
 366.40000
 369.80000
 373.30000
 376.70000
 380.20000
 383.70000
 387.30000
 390.80000
 394.50000
 398.10000
 401.80000
 405.50000
 409.30000
 413.00000
 416.90000
 420.70000
 424.60000
 428.50000
 432.50000
 436.50000
 440.60000
 444.60000
 448.70000
 452.90000
 457.10000
 461.30000
 465.60000
 469.90000
 474.20000
 478.60000
 483.10000
 487.50000
 492.00000
 496.60000
 501.20000
 505.80000
 510.50000
 515.20000
 520.00000
 524.80000
 529.70000
 534.60000
 539.50000
 544.50000
 549.50000
 554.60000
 559.80000
 564.90000
 570.20000
 575.40000
 580.80000
 586.10000
 591.60000
 597.00000
 602.60000
 608.10000
 613.80000
 619.40000
 625.20000
 631.00000
 636.80000
 642.70000
 648.60000
 654.60000
 660.70000
 666.80000
 673.00000
 679.20000
 685.50000
 691.80000
 698.20000
 704.70000
 711.20000
 717.80000
 724.40000
 731.10000
 737.90000
 744.70000
 751.60000
 758.60000
 765.60000
 772.70000
 779.80000
 787.00000
 794.30000
 801.70000
 809.10000
 816.60000
 824.10000
 831.80000
 839.50000
 847.20000
 855.10000
 863.00000
 871.00000
 879.00000
 887.20000
 895.40000
 903.60000
 912.00000
 920.40000
 929.00000
 937.60000
 946.20000
 955.00000
 963.80000
 972.70000
 981.70000
 990.80000
1000.00000
1009.00000
1019.00000
1028.00000
1038.00000
1047.00000
1057.00000
1067.00000
1076.00000
1086.00000
1096.00000
1107.00000
1117.00000
1127.00000
1138.00000
1148.00000
1159.00000
1169.00000
1180.00000
1191.00000
1202.00000
1213.00000
1225.00000
1236.00000
1247.00000
1259.00000
1271.00000
1282.00000
1294.00000
1306.00000
1318.00000
1330.00000
1343.00000
1355.00000
1368.00000
1380.00000
1393.00000
1406.00000
1419.00000
1432.00000
1445.00000
1459.00000
1472.00000
1486.00000
1500.00000
1514.00000
1528.00000
1542.00000
1556.00000
1570.00000
1585.00000
1600.00000
1614.00000
1629.00000
1644.00000
1660.00000
1675.00000
1690.00000
1706.00000
1722.00000
1738.00000
1754.00000
1770.00000
1786.00000
1803.00000
1820.00000
1837.00000
1854.00000
1871.00000
1888.00000
1905.00000
1923.00000
1941.00000
1959.00000
1977.00000
1995.00000
2014.00000
2032.00000
2051.00000
2070.00000
2089.00000
2109.00000
2128.00000
2148.00000
2168.00000
2188.00000
2208.00000
2228.00000
2249.00000
2270.00000
2291.00000
2312.00000
2333.00000
2355.00000
2377.00000
2399.00000
2421.00000
2443.00000
2466.00000
2489.00000
2512.00000
2535.00000
2559.00000
2582.00000
2606.00000
2630.00000
2655.00000
2679.00000
2704.00000
2729.00000
2754.00000
2780.00000
2805.00000
2831.00000
2858.00000
2884.00000
2911.00000
2938.00000
2965.00000
2992.00000
3020.00000
3048.00000
3076.00000
3105.00000
3133.00000
3162.00000
3192.00000
3221.00000
3251.00000
3281.00000
3311.00000
3342.00000
3373.00000
3404.00000
3436.00000
3467.00000
3499.00000
3532.00000
3565.00000
3597.00000
3631.00000
3664.00000
3698.00000
3733.00000
3767.00000
3802.00000
3837.00000
3873.00000
3908.00000
3945.00000
3981.00000
4018.00000
4055.00000
4093.00000
4130.00000
4169.00000
4207.00000
4246.00000
4285.00000
4325.00000
4365.00000
4406.00000
4446.00000
4487.00000
4529.00000
4571.00000
4613.00000
4656.00000
4699.00000
4742.00000
4786.00000
4831.00000
4875.00000
4920.00000
4966.00000
5012.00000
5058.00000
5105.00000
5152.00000
5200.00000
5248.00000
5297.00000
5346.00000
5395.00000
5445.00000
5495.00000
5546.00000
5598.00000
5649.00000
5702.00000
5754.00000
5808.00000
5861.00000
5916.00000
5970.00000
6026.00000
6081.00000
6138.00000
6194.00000
6252.00000
6310.00000
6368.00000
6427.00000
6486.00000
6546.00000
6607.00000
6668.00000
6730.00000
6792.00000
6855.00000
6918.00000
6982.00000
7047.00000
7112.00000
7178.00000
7244.00000
7311.00000
7379.00000
7447.00000
7516.00000
7586.00000
7656.00000
7727.00000
7798.00000
7870.00000
7943.00000
8017.00000
8091.00000
8166.00000
8241.00000
8318.00000
8395.00000
8472.00000
8551.00000
8630.00000
8710.00000
8790.00000
8872.00000
8954.00000
9036.00000
9120.00000
9204.00000
9290.00000
9376.00000
9462.00000
9550.00000
9638.00000
9727.00000
9817.00000
9908.00000
10000.00000
15000.00000
20000.00000
25000.00000
30000.00000
36000.00000
